[260, 150]
[260, 450]
[260, 750]
[260, 1050]
[260, 1350]
[260, 1650]
[260, 1950]
[260, 2250]
[260, 2550]
[260, 2850]
[520, 300]
[520, 600]
[520, 900]
[520, 1200]
[520, 1500]
[520, 1800]
[520, 2100]
[520, 2400]
[520, 2700]
[779, 150]
[779, 450]
[779, 750]
[779, 1050]
[779, 1350]
[779, 1650]
[779, 1950]
[779, 2250]
[779, 2550]
[779, 2850]
[1039, 300]
[1039, 600]
[1039, 900]
[1039, 1200]
[1039, 1500]
[1039, 1800]
[1039, 2100]
[1039, 2400]
[1039, 2700]
[1299, 150]
[1299, 450]
[1299, 750]
[1299, 1050]
[1299, 1350]
[1299, 1650]
[1299, 1950]
[1299, 2250]
[1299, 2550]
[1299, 2850]
[1559, 300]
[1559, 600]
[1559, 900]
[1559, 1200]
[1559, 1500]
[1559, 1800]
[1559, 2100]
[1559, 2400]
[1559, 2700]
[1819, 150]
[1819, 450]
[1819, 750]
[1819, 1050]
[1819, 1350]
[1819, 1650]
[1819, 1950]
[1819, 2250]
[1819, 2550]
[1819, 2850]
[2078, 300]
[2078, 600]
[2078, 900]
[2078, 1200]
[2078, 1500]
[2078, 1800]
[2078, 2100]
[2078, 2400]
[2078, 2700]
[2338, 150]
[2338, 450]
[2338, 750]
[2338, 1050]
[2338, 1350]
[2338, 1650]
[2338, 1950]
[2338, 2250]
[2338, 2550]
[2338, 2850]
[2598, 300]
[2598, 600]
[2598, 900]
[2598, 1200]
[2598, 1500]
[2598, 1800]
[2598, 2100]
[2598, 2400]
[2598, 2700]
[2858, 150]
[2858, 450]
[2858, 750]
[2858, 1050]
[2858, 1350]
[2858, 1650]
[2858, 1950]
[2858, 2250]
[2858, 2550]
[2858, 2850]
[3118, 300]
[3118, 600]
[3118, 900]
[3118, 1200]
[3118, 1500]
[3118, 1800]
[3118, 2100]
[3118, 2400]
[3118, 2700]
[3377, 150]
[3377, 450]
[3377, 750]
[3377, 1050]
[3377, 1350]
[3377, 1650]
[3377, 1950]
[3377, 2250]
[3377, 2550]
[3377, 2850]
[3637, 300]
[3637, 600]
[3637, 900]
[3637, 1200]
[3637, 1500]
[3637, 1800]
[3637, 2100]
[3637, 2400]
[3637, 2700]
[3897, 150]
[3897, 450]
[3897, 750]
[3897, 1050]
[3897, 1350]
[3897, 1650]
[3897, 1950]
[3897, 2250]
[3897, 2550]
[3897, 2850]
