[1 2 0]
[2 4 0]
[3 2 0]
[4 1 0]
[5 0 0]
[6 0 0]
[7 2 0]
[8 2 0]
[9 3 0]
[10  2  0]
[11  4  0]
[12  2  0]
[13  1  0]
[14  2  0]
[15  0  0]
[16  0  0]
[17  2  0]
[18  3  0]
[19  2  0]
[20  4  0]
[21  2  0]
[22  1  0]
[23  3  0]
[24  2  0]
[25  0  0]
[26  0  9]
[27  2  0]
[28  3  0]
[29  2  0]
[30  4  0]
[31  2  0]
[32  1  0]
[33  3  0]
[34  2  4]
[35  0  0]
[36  0  0]
[37  2  0]
[38  3  0]
[39  4  0]
[40  2  0]
[41  1  0]
[42  2  0]
[43  2  0]
[44  0  9]
[45  0  0]
[46  2  0]
[47  4  0]
[48  2  0]
[49  4  0]
[50  2  0]
[51  1  0]
[52  2  0]
[53  0  0]
[54  0  9]
[55  2  0]
[56  4  0]
[57  2  0]
[58  2  0]
[59  4  0]
[60  1  0]
[61  2  0]
[62  0  0]
[63  0  0]
[64  2  0]
[65  2  0]
[66  4  0]
[67  2  0]
[68  4  0]
[69  2  0]
[70  1  0]
[71  0  0]
[72  0  0]
[73  2  0]
[74  3  0]
[75  2  0]
[76  4  0]
[77  2  0]
[78  4  0]
[79  2  0]
[80  0  9]
[81  0  9]
[82  2  0]
[83  3  0]
[84  2  0]
[85  4  0]
[86  2  4]
[87  4  0]
[88  2  0]
[89  0  0]
[90  0  9]
[91  2  0]
[92  2  0]
[93  2  0]
[94  4  0]
[95  2  0]
[96  3  0]
[97  2  0]
[98  2  0]
[99  0  0]
[100   0   9]
[101   2   0]
[102   0   0]
[103   2   0]
[104   4   0]
[105   2   0]
[106   3   0]
[107   2   0]
[108   2   0]
[109   0   0]
[110   0   9]
[111   0   0]
[112   0   9]
[113   4   0]
[114   2   0]
[115   2   0]
[116   3   0]
[117   2   0]
[118   0   0]
[119   0   0]
[120   2   0]
[121   0   0]
[122   4   0]
[123   2   0]
[124   2   0]
[125   3   0]
[126   2   0]
[127   0   9]
[128   0   9]
[129   2   0]
[130   3   0]
[131   2   0]
[132   4   0]
[133   2   0]
[134   3   0]
[135   2   0]
[136   0   0]
[137   0   9]
[138   2   0]
[139   3   0]
[140   3   0]
[141   2   0]
[142   4   0]
[143   2   0]
